local l = string.char
local z = {
    l(71, 57, 50, 80, 67, 87, 101, 106, 56, 71, 114, 52, 118, 54, 105, 89, 66, 98, 78, 101), -- 1
    l(84, 112, 82, 116, 73, 49, 71, 84, 73, 73, 53, 88, 51, 79, 87, 70, 97, 104, 76, 83), -- 2
    l(69, 115, 73, 70, 75, 68, 76, 90, 119, 105, 56, 99, 55, 107, 114, 102, 88, 82, 111, 68), -- 3
    l(89, 102, 67, 68, 98, 77, 49, 88, 122, 105, 69, 111, 104, 90, 118, 85, 69, 111, 51, 75), -- 4
    l(76, 57, 119, 57, 69, 74, 88, 105, 97, 118, 97, 103, 118, 98, 112, 84, 78, 71, 105, 90), -- 5
    l(67, 84, 83, 107, 98, 111, 84, 55, 97, 73, 117, 111, 50, 99, 49, 57, 114, 71, 109, 109), -- 6
    l(102, 104, 77, 79, 50, 111, 111, 122, 51, 51, 107, 112, 70, 115, 54, 68, 56, 77, 102, 57), -- 7
    l(67, 73, 109, 77, 72, 53, 74, 52, 79, 122, 80, 105, 115, 101, 65, 121, 104, 83, 109, 117), -- 8
    l(119, 111, 49, 121, 118, 105, 57, 103, 65, 109, 68, 99, 72, 107, 89, 105, 88, 74, 122, 110), -- 9
    l(81, 107, 114, 109, 78, 82, 121, 97, 118, 85, 116, 71, 115, 111, 101, 53, 48, 115, 74, 98), -- 10
    l(65, 99, 66, 112, 48, 122, 70, 103, 51, 81, 65, 121, 81, 77, 50, 113, 98, 80, 105, 77), -- 11
    l(75, 83, 90, 51, 103, 76, 55, 101, 66, 71, 114, 119, 113, 68, 118, 82, 57, 121, 50, 117), -- 12
    l(69, 110, 77, 72, 78, 114, 85, 106, 49, 90, 105, 73, 101, 122, 54, 110, 105, 73, 80, 85), -- 13
    l(77, 87, 77, 83, 72, 56, 105, 71, 86, 119, 65, 66, 75, 119, 83, 80, 104, 86, 72, 55), -- 14
    l(90, 83, 108, 66, 83, 57, 109, 74, 68, 102, 90, 79, 84, 50, 80, 119, 98, 67, 114, 122), -- 15
    l(112, 122, 97, 101, 87, 101, 48, 110, 120, 73, 107, 98, 82, 89, 49, 102, 72, 70, 71, 105), -- 16
    l(49, 70, 105, 79, 99, 86, 65, 52, 122, 90, 55, 100, 70, 83, 118, 79, 54, 87, 104, 118), -- 17
    l(57, 115, 87, 80, 88, 69, 113, 99, 83, 73, 109, 50, 109, 106, 70, 122, 107, 82, 74, 65), -- 18
    l(120, 67, 97, 90, 97, 90, 76, 112, 55, 109, 105, 86, 90, 100, 105, 57, 67, 99, 110, 85), -- 19
    l(120, 51, 51, 77, 122, 57, 115, 57, 100, 85, 84, 121, 97, 57, 105, 65, 113, 75, 78, 75), -- 20
    l(110, 101, 53, 71, 73, 55, 90, 82, 69, 71, 52, 122, 80, 89, 110, 66, 121, 75, 55, 108), -- 21
    l(65, 65, 67, 83, 52, 50, 48, 101, 102, 66, 80, 111, 117, 73, 97, 101, 80, 71, 112, 101), -- 22
    l(100, 101, 111, 56, 50, 88, 89, 105, 99, 83, 76, 98, 105, 121, 106, 103, 107, 56, 67, 48), -- 23
    l(119, 54, 66, 115, 101, 109, 72, 50, 100, 72, 113, 117, 80, 51, 79, 70, 112, 119, 82, 108), -- 24
    l(122, 70, 117, 79, 117, 108, 103, 51, 74, 78, 106, 112, 75, 66, 65, 101, 101, 77, 105, 56), -- 25
    l(105, 49, 49, 87, 108, 78, 111, 53, 80, 53, 65, 116, 115, 89, 85, 100, 88, 68, 105, 68), -- 26
    l(54, 85, 119, 118, 104, 68, 81, 71, 105, 77, 82, 107, 116, 109, 78, 100, 97, 112, 75, 111), -- 27
    l(69, 103, 112, 86, 88, 72, 75, 87, 118, 66, 73, 69, 90, 50, 57, 50, 57, 84, 70, 115), -- 28
    l(120, 104, 70, 85, 48, 53, 98, 67, 104, 54, 80, 70, 79, 55, 107, 85, 114, 82, 88, 65), -- 29
    l(99, 89, 66, 119, 50, 98, 104, 48, 66, 108, 121, 109, 65, 118, 57, 89, 84, 113, 113, 112), -- 30
    l(113, 101, 57, 56, 118, 72, 120, 100, 48, 99, 65, 49, 122, 84, 48, 108, 118, 99, 66, 99), -- 31
    l(99, 85, 110, 104, 89, 120, 73, 99, 73, 108, 67, 84, 55, 73, 56, 57, 86, 107, 106, 52), -- 32
    l(73, 82, 97, 51, 87, 65, 99, 109, 53, 66, 71, 106, 79, 75, 54, 99, 56, 100, 70, 89), -- 33
    l(99, 82, 120, 69, 89, 100, 87, 121, 49, 75, 87, 50, 56, 81, 106, 85, 88, 104, 112, 118), -- 34
    l(90, 67, 85, 107, 67, 53, 72, 74, 83, 89, 113, 73, 74, 74, 55, 88, 100, 87, 110, 97), -- 35
    l(84, 56, 56, 104, 56, 69, 107, 109, 67, 100, 55, 76, 71, 99, 81, 55, 49, 107, 72, 55), -- 36
    l(97, 75, 83, 67, 99, 85, 54, 110, 83, 54, 82, 106, 83, 98, 104, 86, 120, 75, 107, 68), -- 37
    l(113, 73, 69, 56, 81, 113, 89, 81, 83, 87, 48, 103, 112, 121, 80, 66, 52, 118, 107, 90), -- 38
    l(89, 83, 50, 105, 85, 53, 54, 89, 88, 107, 74, 106, 99, 78, 68, 107, 80, 76, 72, 108), -- 39
    l(56, 109, 69, 55, 113, 87, 90, 54, 119, 75, 88, 107, 77, 49, 72, 70, 121, 108, 97, 108), -- 40
    l(104, 56, 97, 69, 119, 78, 65, 50, 83, 82, 80, 83, 105, 106, 82, 98, 84, 119, 86, 75), -- 41
    l(70, 50, 105, 82, 68, 77, 97, 88, 89, 73, 84, 89, 103, 79, 56, 78, 66, 114, 121, 105), -- 42
    l(80, 70, 88, 53, 53, 55, 48, 55, 89, 83, 83, 54, 54, 101, 82, 101, 49, 104, 65, 56), -- 43
    l(71, 71, 114, 70, 77, 81, 73, 71, 90, 97, 69, 73, 80, 85, 82, 82, 99, 74, 56, 68), -- 44
    l(90, 75, 99, 88, 56, 88, 82, 107, 79, 104, 69, 97, 56, 70, 87, 110, 79, 105, 108, 53), -- 45
    l(97, 49, 85, 108, 100, 79, 55, 75, 52, 87, 87, 104, 85, 80, 119, 85, 100, 79, 87, 89), -- 46
    l(65, 86, 73, 90, 103, 121, 115, 100, 72, 71, 121, 104, 82, 97, 109, 70, 76, 113, 70, 119), -- 47
    l(72, 118, 76, 49, 49, 84, 82, 104, 82, 109, 100, 99, 51, 72, 56, 79, 83, 78, 84, 78), -- 48
    l(106, 73, 74, 56, 107, 121, 88, 83, 49, 72, 79, 76, 115, 66, 83, 85, 112, 78, 52, 109), -- 49
    l(106, 66, 66, 71, 84, 49, 100, 97, 75, 72, 108, 82, 74, 98, 100, 109, 97, 56, 83, 71) -- 50
}

local function f(d)
    for _, v in ipairs(z) do
        if d == v then
            return true
        end
    end
    return false
end

if f(k) then
    print("Loading...")
    loadstring(game:HttpGet(l(104, 116, 116, 112, 115, 58, 47, 47, 114, 97, 119, 46, 103, 105, 116, 104, 117, 98, 117,115, 101,114, 99,111, 110,116, 101,110,116, 46, 99, 111,109, 47, 80,104, 97,110,116,111,109, 76, 111,114,100, 49,53,55, 47, 78, 101,120, 117,115, 47, 109, 97,105,110, 47, 78, 69,88)))()
    print("Execute one more time please.")
else
    print(l(73, 110, 118, 97, 108, 105, 100, 32, 75, 101, 121, 33))
end
